   4752   -1.6   77.6   10.1  -30.0   32.0   38.0  104.0  -18.0   44.0   4.5847    0.013  -8.4437   14.0   94.0   24.0 
    459   32.1   71.3  -33.9    0.0   52.0   54.0   86.0  -50.0  -20.0   3.8635   0.0162  -5.4094   34.0   74.0  -32.0 
    406   37.9   26.1   56.7   18.0   58.0   14.0   38.0   36.0   74.0   4.0395    0.024  -6.2196   30.0   28.0   52.0 
    353  -39.9   60.5   50.2  -54.0  -28.0   46.0   74.0   40.0   60.0    3.943   0.0219  -5.5831  -36.0   66.0   52.0 
    344   43.6   60.3   42.8   30.0   58.0   44.0   78.0   30.0   54.0   4.0242   0.0263  -5.8279   46.0   56.0   46.0 
    292  -30.2   94.1   -2.3  -48.0  -20.0   82.0  102.0  -14.0    8.0   4.2619   0.0379  -6.1513  -28.0   96.0   -2.0 
    285   26.7    8.9   55.4   18.0   42.0    0.0   18.0   44.0   66.0   4.1766   0.0323   5.9086   24.0   14.0   56.0 
    283  -28.3    6.3   55.0  -46.0  -12.0   -4.0   16.0   46.0   66.0   3.9815   0.0233    5.218  -24.0   -2.0   58.0 
    171   57.9   39.5    2.6   50.0   66.0   22.0   50.0   -6.0    8.0   3.9636   0.0309  -5.3525   56.0   40.0    4.0 
    153   53.4   -2.4   34.7   46.0   60.0   -8.0    4.0   24.0   44.0   4.4421   0.0565   6.2766   52.0   -2.0   36.0 
    123   50.5  -23.9   19.2   40.0   58.0  -32.0  -18.0    4.0   32.0   3.8887    0.035  -5.0368   54.0  -24.0   18.0 
    118    7.9    5.5   64.2    2.0   16.0    0.0   10.0   54.0   70.0   4.0852   0.0422   5.4004    8.0    6.0   68.0 
    112  -32.3   74.7  -36.0  -46.0  -22.0   68.0   80.0  -46.0  -26.0   3.8657   0.0336  -5.2646  -36.0   74.0  -30.0 
    112   44.0  -11.1   41.5   34.0   54.0  -18.0   -6.0   30.0   50.0   3.9272   0.0336   -5.036   42.0  -10.0   46.0 
    109  -62.9   13.8   21.4  -68.0  -56.0    6.0   24.0    8.0   34.0     3.88   0.0384  -5.0564  -66.0   10.0   24.0 
     97  -45.6  -44.0   -9.0  -54.0  -36.0  -52.0  -34.0  -16.0    0.0   3.8169   0.0315  -4.7477  -38.0  -40.0  -10.0 
     86   -5.9   43.9   70.5  -14.0    0.0   38.0   54.0   64.0   76.0   4.0359   0.0653  -6.4059   -4.0   40.0   70.0 
     73  -36.3  -22.7    5.6  -44.0  -32.0  -30.0  -12.0   -4.0   10.0   3.8492   0.0344   4.7461  -34.0  -28.0   -2.0 
     73   23.2  -20.6   49.3   20.0   30.0  -26.0  -16.0   44.0   58.0   3.8814   0.0515  -5.3319   20.0  -22.0   46.0 
     72  -39.2   17.0   42.4  -44.0  -34.0   12.0   22.0   36.0   48.0   4.3478   0.0744  -5.8336  -38.0   16.0   40.0 
     71  -42.8  -23.8   43.7  -48.0  -38.0  -36.0  -14.0   40.0   50.0   3.8937   0.0451  -4.8472  -44.0  -26.0   44.0 
     70  -60.7   43.4   -3.9  -68.0  -56.0   36.0   50.0  -12.0    2.0   3.8642   0.0595   -5.966  -60.0   40.0   -4.0 
     62  -28.1   64.8  -30.2  -36.0  -22.0   56.0   76.0  -34.0  -26.0   3.9617    0.055  -5.2741  -32.0   58.0  -32.0 
     59  -30.5  -26.5   50.4  -34.0  -26.0  -34.0  -20.0   46.0   56.0   3.9175   0.0494  -4.7477  -32.0  -26.0   52.0 
     59  -21.6   33.3   72.2  -32.0  -14.0   28.0   38.0   66.0   78.0   3.9572   0.0564  -5.1144  -20.0   34.0   72.0 
     54   48.8  -39.1   -9.4   42.0   52.0  -46.0  -32.0  -14.0   -6.0   3.8799   0.0469  -4.8595   50.0  -36.0  -12.0 
     47  -66.6   32.1    4.9  -70.0  -58.0   26.0   38.0    0.0   10.0   4.0668   0.0731  -5.4087  -68.0   30.0    4.0 
     46   24.0   76.8   31.0   22.0   26.0   70.0   82.0   26.0   38.0   4.0162   0.0706     5.62   24.0   78.0   30.0 
     44   12.5   87.0  -35.5   10.0   16.0   82.0   92.0  -44.0  -30.0   3.8715   0.0485  -4.6639   14.0   86.0  -36.0 
     44   16.0   35.2   74.9   10.0   24.0   32.0   40.0   70.0   78.0   4.0084   0.0597  -5.0711   16.0   32.0   76.0 
     41  -11.0    4.5   68.4  -18.0   -8.0    0.0   10.0   64.0   72.0   4.0896   0.0987   5.9717  -10.0    4.0   70.0 
     40  -54.8   61.4   25.5  -60.0  -50.0   58.0   66.0   22.0   28.0   3.8191   0.0541  -4.8232  -54.0   62.0   26.0 
     37  -51.6   -3.1   32.8  -58.0  -44.0   -6.0    0.0   28.0   36.0   3.7919   0.0526   4.5915  -52.0   -4.0   32.0 
     36  -52.2   14.1   49.7  -56.0  -46.0   10.0   22.0   46.0   54.0   3.8286   0.0492  -4.8438  -52.0   12.0   50.0 
     35  -52.8   56.3  -14.5  -58.0  -48.0   52.0   60.0  -20.0  -10.0   3.9061   0.0769   -5.135  -52.0   54.0  -16.0 
     31  -14.0   23.9   42.9  -16.0  -12.0   20.0   28.0   40.0   46.0      4.3    0.145   6.5082  -14.0   24.0   44.0 
     31  -55.8   42.7   47.1  -60.0  -50.0   40.0   46.0   42.0   54.0   3.7264    0.042  -4.2467  -58.0   44.0   44.0 
     29   33.7   49.6   56.5   28.0   38.0   46.0   56.0   52.0   60.0   3.8967    0.064   4.4959   30.0   50.0   56.0 
     28  -11.6   -7.1   16.8  -18.0   -8.0  -12.0   -2.0   12.0   20.0   3.9369   0.0843  -4.9982  -12.0   -8.0   18.0 
     28  -45.3  -43.9   15.5  -50.0  -38.0  -48.0  -40.0   12.0   20.0   3.7307   0.0386  -4.2501  -38.0  -46.0   12.0 
     27  -54.4   28.7   55.4  -60.0  -50.0   24.0   34.0   52.0   60.0   3.8008   0.0562  -4.7714  -56.0   26.0   54.0 
     26  -14.8   76.7  -27.9  -20.0  -10.0   72.0   82.0  -30.0  -24.0    3.799   0.0882   -5.151  -14.0   76.0  -28.0 
     26   26.7   99.6   -5.1   20.0   30.0   96.0  102.0  -10.0   -2.0   3.8119   0.0536  -4.5294   22.0  102.0   -4.0 
     21    2.6   49.3   46.3    0.0    6.0   44.0   56.0   44.0   50.0   3.7906   0.0828  -4.5768    2.0   48.0   46.0 
     20   39.3   47.9  -39.4   36.0   42.0   44.0   52.0  -42.0  -38.0   3.9836   0.0946  -4.7729   38.0   48.0  -40.0 
     20   -5.4   29.9   -7.2  -10.0   -2.0   26.0   34.0  -12.0   -4.0   3.8354   0.0501   4.2243   -4.0   32.0   -6.0 
     20   51.2   26.8   37.9   50.0   54.0   22.0   30.0   36.0   42.0   3.7193   0.0508   4.2908   50.0   30.0   38.0 
     19  -19.5   74.0  -36.0  -22.0  -16.0   70.0   78.0  -42.0  -30.0   3.7482   0.0923  -4.9175  -20.0   74.0  -32.0 
     19   40.3  -23.7   38.2   36.0   44.0  -26.0  -20.0   36.0   42.0   3.7186   0.0709  -4.6389   40.0  -24.0   38.0 
     18  -34.2   83.3  -18.3  -38.0  -30.0   80.0   88.0  -20.0  -16.0   3.7139   0.0339  -3.9452  -36.0   82.0  -20.0 
     18   12.8   22.4   40.8   10.0   14.0   20.0   26.0   38.0   44.0   4.1235   0.1335   5.3064   12.0   22.0   42.0 
     17  -25.9    8.5  -16.3  -30.0  -24.0    6.0   12.0  -20.0  -14.0   3.7944   0.0612  -4.2988  -26.0   10.0  -14.0 
     16  -46.5   57.0  -41.0  -50.0  -44.0   54.0   60.0  -44.0  -36.0    3.783   0.0989  -4.9796  -46.0   58.0  -42.0 
     16   31.2   40.5  -12.6   28.0   34.0   38.0   42.0  -16.0  -10.0   3.7338   0.0671  -4.3709   32.0   42.0  -12.0 
     16   49.7  -24.4   -4.4   48.0   52.0  -30.0  -20.0   -6.0   -2.0   3.7968   0.0679   -4.331   52.0  -22.0   -6.0 
     16   21.0  -33.5   41.2   20.0   24.0  -38.0  -28.0   38.0   46.0   3.7699   0.0741  -4.3408   20.0  -34.0   40.0 
     16    2.1  -20.3   53.5    2.0    4.0  -24.0  -16.0   48.0   58.0   3.9189   0.0756  -4.4627    2.0  -18.0   56.0 
     15   22.2   70.4  -48.6   20.0   24.0   66.0   72.0  -56.0  -44.0   3.6762   0.0547  -4.0973   22.0   72.0  -44.0 
     15   45.2  -47.6   -2.4   44.0   48.0  -54.0  -42.0   -4.0    0.0   3.8548   0.0775  -4.6279   46.0  -44.0   -2.0 
     15   30.8   16.5   -1.1   30.0   32.0   12.0   20.0   -2.0    0.0   4.1897   0.0994  -4.8147   30.0   18.0   -2.0 
     15   36.8  -13.2    7.7   32.0   40.0  -18.0  -10.0    6.0   10.0   4.0439   0.1009   4.7814   38.0  -12.0    6.0 
     15   34.3   68.8   49.0   32.0   36.0   66.0   70.0   46.0   52.0   3.7734   0.0834  -4.4861   34.0   68.0   50.0 
     15   -5.3   -4.4   49.4   -8.0   -2.0  -10.0    0.0   48.0   50.0   3.5857   0.0409   3.9012   -6.0   -2.0   50.0 
     14  -22.3    0.8  -30.8  -26.0  -20.0    0.0    2.0  -38.0  -26.0   3.7811   0.0744  -4.2362  -22.0    0.0  -26.0 
     14  -44.6   75.1  -16.3  -48.0  -42.0   70.0   78.0  -18.0  -14.0   3.7164   0.0664  -4.4431  -46.0   72.0  -16.0 
     14    5.9   26.0   -5.8    4.0   10.0   22.0   28.0  -10.0   -2.0   3.8791   0.0795   4.5044    6.0   24.0   -4.0 
     14  -48.7  -23.5   -9.1  -50.0  -46.0  -30.0  -18.0  -10.0   -6.0    3.605   0.0525  -4.0223  -50.0  -26.0   -8.0 
     13  -41.7   48.3  -41.5  -50.0  -38.0   46.0   52.0  -44.0  -38.0   3.6779   0.0662  -4.2253  -38.0   48.0  -44.0 
     13   56.6   -3.2  -13.8   54.0   58.0   -6.0    0.0  -18.0  -10.0   3.7238   0.0854  -4.3861   56.0   -2.0  -14.0 
     13   12.7   -0.2   14.0   10.0   14.0   -6.0    8.0   12.0   16.0   3.6302   0.0439  -3.9733   14.0   -2.0   12.0 
     13   -4.9   -3.0   54.9   -6.0   -4.0   -6.0    0.0   54.0   56.0   3.6504   0.0406   3.9354   -4.0   -2.0   56.0 
     13  -18.8   26.1   64.3  -22.0  -16.0   24.0   28.0   62.0   66.0   3.7717   0.0908  -4.4171  -18.0   26.0   64.0 
